,citibike201501_test_count,start station id_uniq,start station name_uniq,end station id_uniq,end station name_uniq,bikeid_uniq,usertype_uniq,tripduration_avg,start station latitude_avg,start station longitude_avg,end station latitude_avg,end station longitude_avg,birth year_avg,gender_avg,taxi201501_test_count,VendorID_uniq,RateCodeID_uniq,payment_type_uniq,tpep_dropoff_datetime_avg,passenger_count_avg,trip_distance_avg,pickup_longitude_avg,pickup_latitude_avg,dropoff_longitude_avg,dropoff_latitude_avg,fare_amount_avg,extra_avg,mta_tax_avg,tip_amount_avg,tolls_amount_avg,improvement_surcharge_avg,total_amount_avg
citibike201501_test_count,1.0,0.8149375434170898,0.8131821181184467,0.9856733962541213,0.9852271126746699,0.997905128436087,0.3675140753007539,-0.4427405924469246,0.36282126566291845,0.05525598102597624,0.32987606935207126,-0.04175817973036816,0.42113880828674277,0.38840520804416695,0.5993394325539276,0.5607575688603804,0.1606700621990086,0.4655232866769558,-0.15327894312067428,0.28828664686453775,-0.2538576632014117,-0.13433080207462755,0.3629619175429365,-0.08689269687001387,0.16012195472607052,-0.19745244508039378,0.42119991938413776,0.01562802697361928,0.23018130519315685,0.15566023884216731,0.13501029737118783,-0.14789909327677572
start station id_uniq,0.8149375434170898,1.0,0.9984284931220997,0.8099929372257861,0.807586692125475,0.8052255167543559,0.27427044348412705,-0.43382593582686646,0.21326583923019596,0.1555525110667444,0.18192481095239715,0.05353664198662881,0.3463328680144691,0.3985112353839543,0.48720386239977403,0.43549747003543665,0.1817229560178683,0.31826046057228025,-0.06770877296559337,0.17409040976472506,-0.06249342876534278,-0.03714232086979201,0.22500808912880454,0.010271960533757162,0.09293516610850985,-0.05473400594395762,0.15141898617822608,0.02809052328967845,0.17425348241318547,0.10506329552277553,0.0015014336898574333,-0.029523549942581707
start station name_uniq,0.8131821181184467,0.9984284931220997,1.0,0.8079346307624837,0.8059584980726364,0.802303469506477,0.27437822441769916,-0.42908526242721234,0.2215501677108793,0.1705863049378327,0.19040084323358722,0.0687788594369791,0.3435994010195946,0.39206666511445964,0.4900717210234352,0.439495858727668,0.19263824286760875,0.31838552840359235,-0.06719095700925384,0.1711938601559911,-0.06340267550328452,-0.023047269520870002,0.23397742271203256,0.01830624655862395,0.09435543068213967,-0.05568559308239474,0.15142162208263343,0.030719720073247345,0.16641140785604588,0.11022768570394907,0.0032942110978042465,-0.029988840875723077
end station id_uniq,0.9856733962541213,0.8099929372257861,0.8079346307624837,1.0,0.998729201324377,0.9876095639847595,0.3489173029718797,-0.49456768064401435,0.34397041430259967,0.016128668019504955,0.3129743455506549,-0.08873554535900657,0.4728270767472778,0.4417602714972021,0.5940498019051953,0.560207918206585,0.1670461252701561,0.4563089150032021,-0.11177493857962292,0.27951896110889146,-0.264896552933529,-0.1763417086973259,0.34173970561537087,-0.09746566837840322,0.14735047222839168,-0.20764722086591655,0.40176804376757064,0.03196760646312956,0.214507999109763,0.17239502658142034,0.12836290209615697,-0.15924376398057627
end station name_uniq,0.9852271126746699,0.807586692125475,0.8059584980726364,0.998729201324377,1.0,0.9874230581317479,0.35001848097752314,-0.49249518091473726,0.34334182802207486,0.01981092665824353,0.3138136330611062,-0.08678269475418929,0.4725274812366842,0.4378349456262782,0.5924461574450218,0.5614845734340045,0.16006121324130315,0.4556508222987105,-0.10435607750253266,0.2798564548357494,-0.2653400091823475,-0.17530465746661147,0.3421840298888,-0.09580655903190065,0.15085326051960363,-0.21074982514150042,0.3982617720223383,0.03970794667118763,0.21683049377435212,0.16539730940382968,0.13393334132609028,-0.1621198887448166
bikeid_uniq,0.997905128436087,0.8052255167543559,0.802303469506477,0.9876095639847595,0.9874230581317479,1.0,0.36095415259658253,-0.4528186846555665,0.3600431401957205,0.04472251712125793,0.32933191931300987,-0.05240988367202714,0.4340500514594914,0.3945387726386092,0.5957593994905527,0.557616904898627,0.14734296348095716,0.4615731235767162,-0.13643960666385554,0.29109229457908536,-0.25944078161710465,-0.1432491649170129,0.35993540665459084,-0.08313759181086802,0.16862408597113446,-0.20261998917282553,0.42926049019193496,0.025198717557306804,0.22446956911933846,0.16111516629367043,0.1353755609888716,-0.15278115049937827
usertype_uniq,0.3675140753007539,0.27427044348412705,0.27437822441769916,0.3489173029718797,0.35001848097752314,0.36095415259658253,1.0,-0.030716727200087182,0.20185619774887736,-0.05704921576855015,0.15577768794529448,-0.14919553211609896,-0.4168698691489697,-0.33678887471208246,0.2092945809141041,0.23307361127078732,0.1371021242762063,0.25928604091331425,-0.15138958405917413,0.23118087360814893,-0.13822527240192045,-0.188688467087401,0.21721114234695613,-0.08556802577240119,-0.04388103885786708,-0.10202571947419095,0.35201953284459947,-0.07878299729034632,0.24184735172860947,0.14950794953349894,0.1265673917966206,-0.06362786557826114
tripduration_avg,-0.4427405924469246,-0.43382593582686646,-0.42908526242721234,-0.49456768064401435,-0.49249518091473726,-0.4528186846555665,-0.030716727200087182,1.0,-0.08418164265474024,0.13939517162819096,-0.10293586269182385,0.23102981029845074,-0.5864724480572924,-0.651076394975944,-0.08779284536703609,-0.18416206595732776,0.03175208033777525,-0.046418390529003865,-0.3060523938568611,-0.0006118878760057889,0.2971996386634427,0.290966576332537,-0.0985772357719267,0.08748870822091112,0.0520325203253038,0.3191580659821483,-0.03833974503928456,-0.08438201255849734,-0.13589614760513602,-0.027744128221316253,0.1077786203728111,0.2917586481454715
start station latitude_avg,0.36282126566291845,0.21326583923019596,0.2215501677108793,0.34397041430259967,0.34334182802207486,0.3600431401957205,0.20185619774887736,-0.08418164265474024,1.0,0.31190536727561957,0.9745083759592141,0.2642885776449282,0.0829056499496036,-0.025119130966528538,0.6146623737595891,0.43183560694027157,0.24195495035910447,0.40053118240677693,0.07222344552979415,0.142458975571966,-0.325524935540938,0.20260054091494395,0.9913785804030221,0.09143108793837246,0.6193420169480284,-0.3616899945301447,0.12634439491502278,-0.12546302512727986,0.08129012994955759,0.30730110381406905,0.13623226325700405,-0.32361841958576937
start station longitude_avg,0.05525598102597624,0.1555525110667444,0.1705863049378327,0.016128668019504955,0.01981092665824353,0.04472251712125793,-0.05704921576855015,0.13939517162819096,0.31190536727561957,1.0,0.23027757127629914,0.943650204302508,0.008311312890485395,-0.08633199156110398,0.12364174735136435,0.11177489586948039,0.05715761720623982,0.03315823980536462,-0.10791155703721704,0.06296072950308436,-0.04320527597578021,0.8428755355071154,0.3424577102068527,0.2985297113707923,0.24658400580598244,-0.1072364261645211,0.010032875298819464,0.0004634142251199182,-0.11085169553905716,0.027364921879347547,0.27806366394406556,-0.08986657800344117
end station latitude_avg,0.32987606935207126,0.18192481095239715,0.19040084323358722,0.3129743455506549,0.3138136330611062,0.32933191931300987,0.15577768794529448,-0.10293586269182385,0.9745083759592141,0.23027757127629914,1.0,0.20289069557370654,0.1193089430891785,0.002902003737352184,0.5825757700917609,0.386105296902943,0.21210389665375362,0.35012728856548647,0.10749774164368507,0.08480312716370561,-0.3644083107501873,0.13394308943066932,0.972154471544331,0.0840560072261677,0.6261517615170848,-0.40376928125412476,0.10103530566565364,-0.07453512751493548,0.04126671526324311,0.3103736943278244,0.060969574820314426,-0.3702030838076461
end station longitude_avg,-0.04175817973036816,0.05353664198662881,0.0687788594369791,-0.08873554535900657,-0.08678269475418929,-0.05240988367202714,-0.14919553211609896,0.23102981029845074,0.2642885776449282,0.943650204302508,0.20289069557370654,1.0,-0.026287262872281142,-0.17384922001817107,0.12469917517166502,0.09271607458552035,0.09017590815867639,0.02387231513024511,-0.16379855465150567,0.023036445420728677,0.0396793134600453,0.879448961156077,0.2831074977423417,0.3810749774168654,0.21185636856406673,-0.028738228061311565,-0.0032723527217524834,-0.04552736262352393,-0.09435786635058077,0.07427746531109564,0.21931827731979514,-0.013764757026940124
birth year_avg,0.42113880828674277,0.3463328680144691,0.3435994010195946,0.4728270767472778,0.4725274812366842,0.4340500514594914,-0.4168698691489697,-0.5864724480572924,0.0829056499496036,0.008311312890485395,0.1193089430891785,-0.026287262872281142,1.0,0.8657343368155703,0.12485791207387797,0.18416206595730839,-0.05334349496743343,0.03846095215347052,0.29444444444497136,-0.09995301773303714,-0.2725609756093622,-0.056526648598642405,0.07746160794981717,-0.10352303522999398,0.11571815718168028,-0.25842950389454017,0.09751384650878606,0.1262718200038745,-0.04421999540702856,-0.10879274368371747,-0.06749474670678894,-0.25693460329098533
gender_avg,0.38840520804416695,0.3985112353839543,0.39206666511445964,0.4417602714972021,0.4378349456262782,0.3945387726386092,-0.33678887471208246,-0.651076394975944,-0.025119130966528538,-0.08633199156110398,0.002902003737352184,-0.17384922001817107,0.8657343368155703,1.0,0.024593020369155595,0.10732263747344033,-0.10922777305088327,-0.00596811247765724,0.3007130799116525,-0.11335853474036542,-0.2895115713204484,-0.18508460413822217,-0.02299019303375232,-0.18741072386607568,0.004799033418288257,-0.28430116030560504,-0.02030228912498874,0.14529450531839122,0.017561366517669222,-0.15734952049625386,-0.0875069007270406,-0.2752966948565215
taxi201501_test_count,0.5993394325539276,0.48720386239977403,0.4900717210234352,0.5940498019051953,0.5924461574450218,0.5957593994905527,0.2092945809141041,-0.08779284536703609,0.6146623737595891,0.12364174735136435,0.5825757700917609,0.12469917517166502,0.12485791207387797,0.024593020369155595,1.0,0.695687827164181,0.4093781714380043,0.6465449758863828,-0.3531102393482887,0.24434234323895349,-0.10309961809715483,0.12820272537435573,0.5744121579695609,0.0935980806544942,0.3055458603846858,-0.07390503546720772,0.19196065459288697,-0.1692739395019332,0.254762583378464,0.4150821392995789,0.16843746152339553,-0.034514132780358545
VendorID_uniq,0.5607575688603804,0.43549747003543665,0.439495858727668,0.560207918206585,0.5614845734340045,0.557616904898627,0.23307361127078732,-0.18416206595732776,0.43183560694027157,0.11177489586948039,0.386105296902943,0.09271607458552035,0.18416206595730839,0.10732263747344033,0.695687827164181,1.0,0.21428571428342574,0.7790174143545331,-0.2679875580490953,0.28740506579148156,-0.02794183069861236,0.05207341175362471,0.3937257961835049,0.1549501520461704,0.12446815492014525,-0.019686734412694466,0.26554498870544024,-0.05081762138423931,0.39390779524728026,0.22831793418344307,0.240824718380096,0.02413171730159859
RateCodeID_uniq,0.1606700621990086,0.1817229560178683,0.19263824286760875,0.1670461252701561,0.16006121324130315,0.14734296348095716,0.1371021242762063,0.03175208033777525,0.24195495035910447,0.05715761720623982,0.21210389665375362,0.09017590815867639,-0.05334349496743343,-0.10922777305088327,0.4093781714380043,0.21428571428342574,1.0,0.2651974176517594,-0.2311551448579533,0.009558926799026772,0.26925764126118473,0.17146123382221082,0.20194323094501235,0.16638090096749475,-0.1346288206324014,0.39627491200857273,-0.04712309152407437,-0.5746300263879035,0.054727092714581156,0.6107710802538295,-0.038863248205141344,0.4115092845153883
payment_type_uniq,0.4655232866769558,0.31826046057228025,0.31838552840359235,0.4563089150032021,0.4556508222987105,0.4615731235767162,0.25928604091331425,-0.046418390529003865,0.40053118240677693,0.03315823980536462,0.35012728856548647,0.02387231513024511,0.03846095215347052,-0.00596811247765724,0.6465449758863828,0.7790174143545331,0.2651974176517594,1.0,-0.287794021282904,0.34669330716153274,-0.035808472694765246,0.07029070566100003,0.34482232964859605,0.2228082745429017,0.12997149348249906,0.01923091038316987,0.21744011308746589,-0.15239039910050067,0.3608225019343444,0.20226371380240657,0.1583346899421093,0.06100737199764493
tpep_dropoff_datetime_avg,-0.15327894312067428,-0.06770877296559337,-0.06719095700925384,-0.11177493857962292,-0.10435607750253266,-0.13643960666385554,-0.15138958405917413,-0.3060523938568611,0.07222344552979415,-0.10791155703721704,0.10749774164368507,-0.16379855465150567,0.29444444444497136,0.3007130799116525,-0.3531102393482887,-0.2679875580490953,-0.2311551448579533,-0.287794021282904,1.0,-0.2718481859699993,-0.2684507678408435,-0.0876467931339826,0.08218157181622295,-0.08672086720867209,0.07901987353176537,-0.25805686675307504,-0.13622725120323503,0.08954873106871294,-0.23105739667824954,-0.19261137511687898,-0.2854649416404,-0.29845471124197614
passenger_count_avg,0.28828664686453775,0.17409040976472506,0.1711938601559911,0.27951896110889146,0.2798564548357494,0.29109229457908536,0.23118087360814893,-0.0006118878760057889,0.142458975571966,0.06296072950308436,0.08480312716370561,0.023036445420728677,-0.09995301773303714,-0.11335853474036542,0.24434234323895349,0.28740506579148156,0.009558926799026772,0.34669330716153274,-0.2718481859699993,1.0,-0.06001033691385408,-0.02363700203809316,0.12814518507476813,0.0022209263663097675,-0.006266185104978203,-0.0842554640116484,0.11962552022155547,0.10309113548123801,0.3931659401385498,0.10621690669661445,0.4224530064135418,-0.03799391912959493
trip_distance_avg,-0.2538576632014117,-0.06249342876534278,-0.06340267550328452,-0.264896552933529,-0.2653400091823475,-0.25944078161710465,-0.13822527240192045,0.2971996386634427,-0.325524935540938,-0.04320527597578021,-0.3644083107501873,0.0396793134600453,-0.2725609756093622,-0.2895115713204484,-0.10309961809715483,-0.02794183069861236,0.26925764126118473,-0.035808472694765246,-0.2684507678408435,-0.06001033691385408,1.0,-0.019218608852226156,-0.32276422764210816,0.15135501354996725,-0.11176603432756173,0.9280923239117532,-0.22649436504150108,-0.23685813135708575,0.14319448359271536,0.3195484562229384,0.0375310667743441,0.9085304230639122
pickup_longitude_avg,-0.13433080207462755,-0.03714232086979201,-0.023047269520870002,-0.1763417086973259,-0.17530465746661147,-0.1432491649170129,-0.188688467087401,0.290966576332537,0.20260054091494395,0.8428755355071154,0.13394308943066932,0.879448961156077,-0.056526648598642405,-0.18508460413822217,0.12820272537435573,0.05207341175362471,0.17146123382221082,0.07029070566100003,-0.0876467931339826,-0.02363700203809316,-0.019218608852226156,1.0,0.18520776874529818,0.43412375790554864,0.0873983739836663,0.009146548027362627,-0.0322366373673135,-0.13641990388246825,-0.15009678584224692,0.04632815072224009,0.14306665931321666,0.014893941364001727
pickup_latitude_avg,0.3629619175429365,0.22500808912880454,0.23397742271203256,0.34173970561537087,0.3421840298888,0.35993540665459084,0.21721114234695613,-0.0985772357719267,0.9913785804030221,0.3424577102068527,0.972154471544331,0.2831074977423417,0.07746160794981717,-0.02299019303375232,0.5744121579695609,0.3937257961835049,0.20194323094501235,0.34482232964859605,0.08218157181622295,0.12814518507476813,-0.32276422764210816,0.18520776874529818,1.0,0.06065943992806913,0.6411246612465457,-0.37641997344839434,0.13575168436965074,-0.08991943732616764,0.06447429217924633,0.29798923138757,0.13716455071135758,-0.33769386683763625
dropoff_longitude_avg,-0.08689269687001387,0.010271960533757162,0.01830624655862395,-0.09746566837840322,-0.09580655903190065,-0.08313759181086802,-0.08556802577240119,0.08748870822091112,0.09143108793837246,0.2985297113707923,0.0840560072261677,0.3810749774168654,-0.10352303522999398,-0.18741072386607568,0.0935980806544942,0.1549501520461704,0.16638090096749475,0.2228082745429017,-0.08672086720867209,0.0022209263663097675,0.15135501354996725,0.43412375790554864,0.06065943992806913,1.0,0.034733514001148255,0.13857584863151473,-0.08625876483041907,0.15673924079383314,-0.03264449507427766,0.10666759915753878,-0.06670175706858056,0.11317814577100968
dropoff_latitude_avg,0.16012195472607052,0.09293516610850985,0.09435543068213967,0.14735047222839168,0.15085326051960363,0.16862408597113446,-0.04388103885786708,0.0520325203253038,0.6193420169480284,0.24658400580598244,0.6261517615170848,0.21185636856406673,0.11571815718168028,0.004799033418288257,0.3055458603846858,0.12446815492014525,-0.1346288206324014,0.12997149348249906,0.07901987353176537,-0.006266185104978203,-0.11176603432756173,0.0873983739836663,0.6411246612465457,0.034733514001148255,1.0,-0.18646536738008032,0.08554541457839136,0.08966457676999758,-0.01778757235970848,-0.016473534138158576,0.046367237038248826,-0.17194089849477642
fare_amount_avg,-0.19745244508039378,-0.05473400594395762,-0.05568559308239474,-0.20764722086591655,-0.21074982514150042,-0.20261998917282553,-0.10202571947419095,0.3191580659821483,-0.3616899945301447,-0.1072364261645211,-0.40376928125412476,-0.028738228061311565,-0.25842950389454017,-0.28430116030560504,-0.07390503546720772,-0.019686734412694466,0.39627491200857273,0.01923091038316987,-0.25805686675307504,-0.0842554640116484,0.9280923239117532,0.009146548027362627,-0.37641997344839434,0.13857584863151473,-0.18646536738008032,1.0,-0.0925904239455598,-0.33950509457427314,0.09644205030414181,0.35385188338404555,-0.015078472096136334,0.9830392684127076
extra_avg,0.42119991938413776,0.15141898617822608,0.15142162208263343,0.40176804376757064,0.3982617720223383,0.42926049019193496,0.35201953284459947,-0.03833974503928456,0.12634439491502278,0.010032875298819464,0.10103530566565364,-0.0032723527217524834,0.09751384650878606,-0.02030228912498874,0.19196065459288697,0.26554498870544024,-0.04712309152407437,0.21744011308746589,-0.13622725120323503,0.11962552022155547,-0.22649436504150108,-0.0322366373673135,0.13575168436965074,-0.08625876483041907,0.08554541457839136,-0.0925904239455598,1.0,0.049510038285736316,0.11424278639854964,0.045052787212938115,0.13315348556204532,-0.03427497444354275
mta_tax_avg,0.01562802697361928,0.02809052328967845,0.030719720073247345,0.03196760646312956,0.03970794667118763,0.025198717557306804,-0.07878299729034632,-0.08438201255849734,-0.12546302512727986,0.0004634142251199182,-0.07453512751493548,-0.04552736262352393,0.1262718200038745,0.14529450531839122,-0.1692739395019332,-0.05081762138423931,-0.5746300263879035,-0.15239039910050067,0.08954873106871294,0.10309113548123801,-0.23685813135708575,-0.13641990388246825,-0.08991943732616764,0.15673924079383314,0.08966457676999758,-0.33950509457427314,0.049510038285736316,1.0,0.010575479436839246,-0.36246257488851147,-0.020478254080786233,-0.3574323606314674
tip_amount_avg,0.23018130519315685,0.17425348241318547,0.16641140785604588,0.214507999109763,0.21683049377435212,0.22446956911933846,0.24184735172860947,-0.13589614760513602,0.08129012994955759,-0.11085169553905716,0.04126671526324311,-0.09435786635058077,-0.04421999540702856,0.017561366517669222,0.254762583378464,0.39390779524728026,0.054727092714581156,0.3608225019343444,-0.23105739667824954,0.3931659401385498,0.14319448359271536,-0.15009678584224692,0.06447429217924633,-0.03264449507427766,-0.01778757235970848,0.09644205030414181,0.11424278639854964,0.010575479436839246,1.0,-0.0017770824791317806,0.26390491298752317,0.20549175041373352
tolls_amount_avg,0.15566023884216731,0.10506329552277553,0.11022768570394907,0.17239502658142034,0.16539730940382968,0.16111516629367043,0.14950794953349894,-0.027744128221316253,0.30730110381406905,0.027364921879347547,0.3103736943278244,0.07427746531109564,-0.10879274368371747,-0.15734952049625386,0.4150821392995789,0.22831793418344307,0.6107710802538295,0.20226371380240657,-0.19261137511687898,0.10621690669661445,0.3195484562229384,0.04632815072224009,0.29798923138757,0.10666759915753878,-0.016473534138158576,0.35385188338404555,0.045052787212938115,-0.36246257488851147,-0.0017770824791317806,1.0,0.003602414105503017,0.3906330821362797
improvement_surcharge_avg,0.13501029737118783,0.0015014336898574333,0.0032942110978042465,0.12836290209615697,0.13393334132609028,0.1353755609888716,0.1265673917966206,0.1077786203728111,0.13623226325700405,0.27806366394406556,0.060969574820314426,0.21931827731979514,-0.06749474670678894,-0.0875069007270406,0.16843746152339553,0.240824718380096,-0.038863248205141344,0.1583346899421093,-0.2854649416404,0.4224530064135418,0.0375310667743441,0.14306665931321666,0.13716455071135758,-0.06670175706858056,0.046367237038248826,-0.015078472096136334,0.13315348556204532,-0.020478254080786233,0.26390491298752317,0.003602414105503017,1.0,0.023869122900700583
total_amount_avg,-0.14789909327677572,-0.029523549942581707,-0.029988840875723077,-0.15924376398057627,-0.1621198887448166,-0.15278115049937827,-0.06362786557826114,0.2917586481454715,-0.32361841958576937,-0.08986657800344117,-0.3702030838076461,-0.013764757026940124,-0.25693460329098533,-0.2752966948565215,-0.034514132780358545,0.02413171730159859,0.4115092845153883,0.06100737199764493,-0.29845471124197614,-0.03799391912959493,0.9085304230639122,0.014893941364001727,-0.33769386683763625,0.11317814577100968,-0.17194089849477642,0.9830392684127076,-0.03427497444354275,-0.3574323606314674,0.20549175041373352,0.3906330821362797,0.023869122900700583,1.0
